positive\1619442912.302229.jpg 8 981 527 91 128 1239 594 106 167 580 478 124 143 474 794 128 161 244 902 128 146 109 298 114 153 13 457 106 145 27 662 106 158
positive\1619442915.5818064.jpg 3 904 502 93 118 956 45 100 166 166 633 127 165
positive\1619442995.997513.jpg 6 834 466 103 118 1639 265 100 132 1280 331 127 159 1130 166 120 157 577 327 113 154 25 336 104 166
positive\1619442997.4613037.jpg 3 878 559 94 116 1126 130 112 167 580 141 117 168
positive\1619443130.9838126.jpg 9 845 510 95 117 1185 436 119 157 1365 985 111 63 1467 622 101 138 1473 839 105 134 1022 985 117 63 908 848 102 136 1020 483 113 159 900 605 101 167
positive\1619443133.5583792.jpg 7 967 552 90 119 1306 2 111 101 1267 160 109 127 1197 289 116 157 1032 321 114 148 753 157 100 140 571 208 118 132
positive\1619443202.6624246.jpg 3 959 542 105 121 893 323 121 140 974 1 114 130
positive\1619443353.4616215.jpg 2 869 479 96 123 1094 334 103 172
positive\1619443354.0937107.jpg 2 850 506 97 120 1040 437 104 172
positive\1619443354.7594473.jpg 2 854 429 99 124 1021 471 113 170
positive\1619443355.790958.jpg 2 817 466 116 130 1023 391 119 171
positive\1619443356.5822837.jpg 2 948 416 94 128 910 681 109 184
positive\1619443359.338363.jpg 3 846 417 114 126 1173 509 122 181 1832 228 78 149
positive\1619443421.9194684.jpg 6 908 541 107 128 1279 458 110 169 683 647 116 169 499 746 100 131 227 578 117 168 482 912 118 136
positive\1619443433.0855272.jpg 3 989 474 99 118 1457 27 106 152 1357 585 111 153
positive\1619443433.9819052.jpg 3 948 434 96 117 1103 127 127 166 1009 684 116 176
positive\1619443435.438201.jpg 3 963 473 103 117 728 164 124 165 631 720 121 175
positive\1619443436.3815103.jpg 3 876 447 97 111 747 302 106 162 652 855 115 168
positive\1619443437.5179474.jpg 3 868 494 97 115 1022 237 104 170 665 673 123 182
positive\1619443438.9575458.jpg 3 907 472 98 112 1049 439 103 182 668 884 106 159
positive\1619443454.2943993.jpg 3 827 480 102 132 875 755 97 167 11 714 107 159
positive\1619443455.2952425.jpg 3 826 481 104 132 1259 501 113 177 406 596 111 174
positive\1619443462.5746188.jpg 3 827 478 105 122 1075 525 105 170 748 840 127 159
positive\1619443463.2856607.jpg 3 961 515 98 127 1088 480 111 160 1049 362 103 156
positive\1619443464.2383385.jpg 3 994 473 92 124 726 445 116 162 740 335 90 151
positive\1619443466.7502894.jpg 3 919 484 92 119 858 462 96 150 624 578 112 159
positive\1619443659.4691918.jpg 2 955 523 106 126 1215 510 114 158
positive\1619443663.8871746.jpg 2 971 445 92 118 714 627 106 162
positive\1619443664.5576043.jpg 2 968 423 81 106 681 685 119 166
positive\1619443736.373396.jpg 4 911 480 97 118 1274 513 124 151 1251 371 118 169 1680 369 107 130
positive\1619443739.781732.jpg 3 905 555 108 125 1287 711 122 164 1127 649 98 158
positive\1619443740.6200943.jpg 3 978 485 99 119 1184 482 122 156 993 567 117 149
positive\1619443753.5570958.jpg 2 888 483 110 120 1164 616 111 149
positive\1619443758.1815896.jpg 2 827 470 102 119 824 326 104 147
positive\1619443761.5019276.jpg 2 854 531 109 117 687 517 111 143
positive\1619443762.2532809.jpg 3 907 555 102 120 696 179 106 156 1216 886 101 133
positive\1619443764.9343576.jpg 2 965 460 103 119 1134 96 100 145
positive\1619443766.0953097.jpg 2 937 488 102 123 944 2 105 93
positive\1619443799.0879548.jpg 2 905 549 103 113 311 521 116 156
positive\1619443800.1524138.jpg 3 873 504 97 121 607 400 97 153 583 396 73 145
positive\1619443802.141658.jpg 3 917 458 86 113 898 507 104 144 220 614 101 157
positive\1619443804.6456664.jpg 2 914 563 102 113 842 447 105 149
positive\1619443805.7256725.jpg 2 983 479 114 122 646 202 111 153
positive\1619443811.0053034.jpg 2 896 560 98 121 750 438 124 155
positive\1619443814.492954.jpg 2 901 460 95 120 1363 326 116 154
positive\1619443815.7570548.jpg 3 919 477 93 123 1092 343 103 158 712 771 109 149
positive\1619443826.5986807.jpg 2 926 548 100 117 856 650 113 143
positive\1619443827.630134.jpg 2 909 500 96 121 852 244 98 143
positive\1619443829.2616243.jpg 2 962 486 94 117 1113 217 106 149
positive\1619443832.68553.jpg 2 977 498 105 119 855 340 109 144
positive\1619443833.8448186.jpg 2 913 396 89 131 1017 362 95 133
positive\1619443835.5020943.jpg 2 916 431 95 114 1029 478 114 134
positive\1619443836.4061742.jpg 2 911 554 105 114 1025 274 135 145
positive\1619444035.1109312.jpg 2 913 484 93 115 1102 448 131 161
positive\1619444036.1089.jpg 2 902 521 93 84 885 585 118 141
positive\1619444038.0779388.jpg 2 907 499 98 110 951 549 100 129
positive\1619445625.0946457.jpg 2 916 481 91 120 913 376 91 131
positive\1619445744.3581004.jpg 4 915 482 99 124 761 434 93 123 845 300 88 121 1274 253 97 115
positive\1619445755.391238.jpg 4 915 475 88 114 1098 476 94 125 1189 337 90 128 1648 530 97 127
positive\1619445816.9419541.jpg 9 912 478 93 114 1514 171 101 131 740 419 104 119 1011 623 108 126 564 475 106 124 442 594 97 125 572 943 90 103 737 993 97 51 915 944 86 101
positive\1619445820.2702312.jpg 5 916 474 92 120 964 251 94 130 399 732 98 129 221 589 77 115 131 535 88 120
positive\1619445820.6754353.jpg 8 913 482 92 113 1198 782 103 117 1352 803 96 145 1522 769 90 124 1625 608 89 141 1616 434 107 134 1443 256 94 142 1341 244 101 126
positive\1619445823.954534.jpg 6 880 480 100 117 980 274 68 133 95 357 101 141 908 564 118 128 466 713 89 132 346 874 99 112
positive\1619445826.5976546.jpg 2 904 476 90 127 1357 468 83 131
positive\1619445826.8041432.jpg 3 830 471 93 120 1441 515 104 144 753 451 96 163
positive\1619445828.300039.jpg 3 831 476 95 119 1337 450 107 174 1553 420 107 141
positive\1619445828.54064.jpg 2 910 544 103 114 459 238 82 132
positive\1619445837.2385628.jpg 3 914 473 92 119 638 356 83 143 441 412 90 144
positive\1619445848.6034486.jpg 2 915 485 87 114 817 562 94 117
positive\1619445852.3074715.jpg 2 848 463 99 111 955 133 96 113
positive\1619445854.7068765.jpg 2 971 416 103 115 1407 70 91 118
positive\1619445857.23322.jpg 2 863 549 115 111 1342 649 106 131
positive\1619445859.6031277.jpg 2 849 434 93 136 393 466 113 139
positive\1619445859.6320512.jpg 3 883 404 103 112 543 499 98 116 1387 640 112 127
positive\1619445861.0201619.jpg 3 976 443 81 115 1106 204 104 131 622 909 94 122
positive\1619445861.7873805.jpg 3 939 419 92 118 819 727 102 124 459 832 108 132
positive\1619445864.7656546.jpg 2 918 479 90 116 463 584 98 137
positive\1619445870.1428936.jpg 3 916 484 98 123 816 391 87 129 1332 788 108 137
positive\1619445871.9571455.jpg 2 914 490 91 113 1101 269 109 159
positive\1619445879.6524317.jpg 2 916 402 97 123 930 661 96 87
positive\1619445880.4198759.jpg 2 970 450 83 110 790 783 101 96
positive\1619445882.3884459.jpg 3 957 525 98 113 842 297 103 109 957 495 99 167
positive\1619445883.1643648.jpg 3 835 473 103 120 974 209 94 101 1316 404 118 179
positive\1619445884.5408266.jpg 3 990 471 101 117 860 493 110 163 759 278 106 96
positive\1619445886.3656003.jpg 3 920 407 93 121 812 639 104 99 785 853 117 157
positive\1619445936.5802634.jpg 5 922 464 100 115 1099 381 78 145 803 587 81 122 920 933 92 108 1260 922 104 125
positive\1619445937.780819.jpg 5 912 486 94 113 1166 480 97 153 547 676 94 147 880 952 101 89 1097 900 89 115
positive\1619445940.2459195.jpg 4 907 533 108 119 1038 304 104 117 1179 611 95 115 831 5 88 115
positive\1619445942.5449698.jpg 3 911 546 101 126 950 706 97 114 1171 825 83 104
positive\1619445943.210306.jpg 3 921 482 90 117 797 402 96 127 1214 362 95 118
positive\1619445946.6689746.jpg 3 916 487 86 115 1361 302 89 120 788 130 74 114
positive\1619445947.3523166.jpg 2 927 480 74 115 421 514 90 150
positive\1619445953.9906454.jpg 3 883 476 90 123 609 290 89 138 107 482 91 140
positive\1619445958.9665742.jpg 3 915 560 85 117 987 704 115 140 846 623 107 156
positive\1619445959.4368732.jpg 3 860 532 92 122 1152 516 97 138 1066 280 78 111
positive\1619445960.420888.jpg 3 870 536 104 130 1135 677 102 142 492 353 110 154
positive\1619445964.3201897.jpg 2 829 470 100 113 1181 524 87 92
positive\1619445964.4767103.jpg 2 831 497 95 115 1248 530 90 88
positive\1619445964.6403794.jpg 2 833 480 97 113 1319 566 90 96
positive\1619445967.437334.jpg 2 915 419 89 111 1073 349 95 108
positive\1619445968.4703386.jpg 2 980 490 96 120 1067 439 100 98
positive\1619445969.4062185.jpg 2 922 467 97 110 766 547 121 100
positive\1619445970.820628.jpg 2 900 524 100 122 960 224 108 96
positive\1619445972.3176825.jpg 2 900 430 91 112 1226 462 103 95
positive\1619446076.2513542.jpg 9 907 483 94 113 293 652 95 122 801 488 99 133 982 436 97 132 1246 630 104 128 1260 821 92 125 1150 960 98 84 812 964 96 81 984 992 82 54
positive\1619446084.179324.jpg 2 913 576 94 114 1346 899 78 140
positive\1619446085.6551278.jpg 2 913 424 98 114 1481 812 94 144
positive\1619446090.234276.jpg 2 942 473 101 120 1207 486 105 129
positive\1619446093.8036315.jpg 2 882 456 101 115 1004 649 97 85
positive\1619446096.7000124.jpg 3 923 488 97 117 650 600 91 86 503 21 98 155
positive\1619446099.39071.jpg 2 928 490 81 104 631 594 97 75
positive\1619446170.2389228.jpg 7 918 486 88 115 916 308 109 126 1314 284 107 136 1442 580 103 131 1260 677 105 128 825 632 92 133 509 959 102 87
positive\1619446173.2432144.jpg 2 918 576 77 107 1391 809 99 140
positive\1619446176.6975455.jpg 2 912 486 88 113 1416 551 110 144
positive\1619446178.141202.jpg 2 917 479 91 122 696 499 104 164
positive\1619446178.9567149.jpg 2 902 486 90 106 1289 430 100 132
positive\1619446179.2410994.jpg 2 947 511 91 123 562 479 91 148
positive\1619446191.090958.jpg 3 863 512 97 107 536 504 87 115 187 625 85 104
positive\1619446191.2606564.jpg 3 852 517 82 105 591 474 100 133 242 585 93 125
positive\1619446191.8665054.jpg 3 914 478 102 121 1083 210 93 123 506 879 105 129
positive\1619446194.6113682.jpg 3 874 546 95 115 845 677 113 94 633 947 129 101
positive\1619446195.2279367.jpg 3 880 552 91 108 902 432 104 92 479 858 123 150
positive\1619446196.1291428.jpg 2 953 476 93 107 1057 332 97 98
positive\1619446287.5512354.jpg 4 876 526 101 111 1019 270 107 143 1188 254 96 126 1691 769 96 131
positive\1619446288.7696514.jpg 4 948 529 105 116 1250 639 105 126 1051 118 85 131 914 12 104 136
positive\1619446290.1273258.jpg 2 911 583 100 103 973 277 105 146
positive\1619446291.4502242.jpg 2 902 556 97 110 879 290 97 138
positive\1619446292.8184483.jpg 2 918 559 103 120 897 324 108 144
positive\1619446294.39817.jpg 2 843 497 101 104 1180 377 87 146
positive\1619446295.8828998.jpg 2 921 440 99 111 1292 478 87 137
positive\1619446296.986955.jpg 2 846 452 94 123 1585 682 95 148
positive\1619446302.6136131.jpg 2 905 460 103 121 985 683 105 159
positive\1619446309.55537.jpg 2 916 472 91 122 955 588 107 152
positive\1619446311.4192827.jpg 2 911 492 96 119 1012 177 110 121
positive\1619446312.1017065.jpg 2 849 493 98 113 789 548 117 143
positive\1619446313.212717.jpg 2 903 486 91 121 877 202 113 158
positive\1619446313.217433.jpg 2 916 401 92 115 930 600 120 155
positive\1619446318.4679103.jpg 3 843 432 107 120 719 281 118 161 1426 464 116 177
positive\1619446324.4512472.jpg 2 914 483 87 116 1006 820 100 89
positive\1619446326.2996724.jpg 2 979 483 97 118 705 568 103 80
positive\1619446327.2636251.jpg 3 928 487 88 112 513 534 98 79 919 638 91 159
positive\1619446328.2779124.jpg 3 903 492 89 125 662 324 100 144 389 482 99 82
positive\1619446411.0644612.jpg 10 857 538 95 100 946 458 94 115 1032 363 88 125 1202 300 93 133 1465 503 109 125 1471 674 108 141 1358 818 102 138 1197 878 95 131 1031 821 95 132 916 697 95 131
positive\1619446413.4752405.jpg 7 835 482 96 121 570 639 82 133 1186 726 108 130 1309 850 85 130 1484 904 87 116 1316 380 79 130 1649 863 74 120
positive\1619446413.8796291.jpg 2 829 473 101 113 1303 402 102 136
positive\1619446414.908415.jpg 3 987 467 98 125 1323 506 107 159 359 471 115 163
positive\1619446415.0972767.jpg 5 917 463 96 116 793 155 95 145 1125 154 105 153 677 84 86 87 1578 4 105 79
positive\1619446417.3807826.jpg 2 937 560 96 116 839 637 109 172
positive\1619446421.324293.jpg 3 919 479 87 115 1045 707 102 150 1098 647 101 155
positive\1619446423.5083525.jpg 2 982 467 108 134 1114 238 103 167
positive\1619446424.0670633.jpg 2 880 400 106 119 1000 592 76 135
positive\1619446425.2430854.jpg 2 923 474 86 109 704 85 96 122
positive\1619446426.3630793.jpg 2 837 490 90 115 1347 535 131 132
positive\1619446426.6929712.jpg 3 898 486 95 104 987 231 102 161 143 651 111 151
positive\1619446430.9210887.jpg 2 955 477 86 119 1014 516 85 111
positive\1619446431.155263.jpg 3 837 493 98 100 781 499 104 146 1423 39 103 149
positive\1619446439.2631392.jpg 2 924 434 96 123 465 486 90 144
positive\1619446443.021738.jpg 2 935 471 85 111 1165 122 94 121
positive\1619446444.4156265.jpg 2 928 454 105 124 938 713 101 126
positive\1619446445.3015413.jpg 2 989 502 90 112 1295 522 100 132
positive\1619446447.4350126.jpg 2 995 477 101 112 951 387 89 119
positive\1619446448.9042943.jpg 2 912 397 95 109 942 345 89 110
positive\1619446520.955806.jpg 4 873 439 108 113 450 408 99 137 1314 556 110 133 1428 44 95 132
positive\1619446523.8790424.jpg 2 936 492 90 98 1585 530 100 125
positive\1619446527.5082948.jpg 3 927 486 92 107 662 483 100 120 1368 560 101 125
positive\1619446528.841055.jpg 3 832 500 98 115 671 415 97 122 675 352 94 62
positive\1619446529.923821.jpg 3 991 478 92 122 829 535 79 150 554 401 105 139
positive\1619446533.0133426.jpg 2 995 496 84 107 1101 495 90 131
positive\1619446541.2784472.jpg 2 992 472 96 125 324 448 91 130
positive\1619446548.4249973.jpg 2 838 500 80 99 1301 618 86 105
positive\1619446549.6762722.jpg 2 912 486 93 112 992 948 82 95
positive\1619446549.6937852.jpg 2 834 489 95 104 1615 557 103 119
positive\1619446551.0725648.jpg 4 918 575 66 101 947 591 82 118 1189 824 101 121 134 745 94 122
positive\1619446552.112399.jpg 4 883 503 97 113 514 319 109 133 1618 247 99 134 1055 2 63 30
positive\1619446552.3631127.jpg 3 989 464 90 113 1385 595 88 132 1470 115 88 96
positive\1619446554.2456827.jpg 2 958 411 88 111 1189 152 98 123
positive\1619446566.6498616.jpg 2 923 485 74 103 986 479 67 126
positive\1619446566.8580887.jpg 2 916 482 79 115 980 488 80 123
positive\1619446578.7377648.jpg 2 915 486 87 108 1025 468 78 133
positive\1619446595.3732429.jpg 2 911 477 91 116 532 572 91 139
positive\1619446595.5497162.jpg 2 876 485 88 114 1270 361 97 120
positive\1619446630.0220165.jpg 2 917 482 80 116 831 517 72 80
positive\1619446761.8547962.jpg 9 917 479 88 122 817 361 106 124 711 340 101 114 574 474 97 124 440 598 103 122 453 816 99 125 573 942 101 103 925 936 85 106 1022 792 94 131
positive\1619446765.19819.jpg 7 910 520 90 126 1062 638 103 136 1171 324 106 125 1575 279 108 126 1617 449 111 133 1624 622 97 138 1523 766 97 130
positive\1619446765.2417116.jpg 2 919 483 87 113 89 597 89 143
positive\1619446768.1758468.jpg 6 943 503 76 119 855 428 97 134 1117 298 84 131 1216 3 94 106 566 164 100 129 664 173 87 131
positive\1619446773.6664653.jpg 2 917 481 90 120 744 428 83 131
positive\1619446773.895323.jpg 2 927 479 79 110 421 335 95 142
positive\1619446774.8317363.jpg 2 893 495 85 108 1121 317 104 146
positive\1619446774.891538.jpg 2 922 479 80 113 675 548 96 125
positive\1619446775.662074.jpg 2 846 503 86 97 1322 459 97 142
positive\1619446775.7825665.jpg 1 312 351 83 148
positive\1619446775.8912256.jpg 2 846 465 91 118 399 613 102 124
positive\1619446776.6050835.jpg 2 861 503 91 108 1464 284 96 126
positive\1619446785.6946168.jpg 2 911 467 91 124 916 710 97 137
positive\1619446787.7744381.jpg 4 919 475 91 123 876 645 102 125 1164 310 105 122 1544 2 103 87
positive\1619446788.607924.jpg 4 914 485 101 117 670 640 90 127 630 762 84 135 1509 148 87 86
positive\1619446789.5334203.jpg 4 948 408 92 128 460 655 93 113 527 626 91 116 1142 236 103 131
positive\1619446789.5728192.jpg 4 919 474 90 108 991 427 89 131 1347 301 121 173 1610 44 105 155
positive\1619446790.4885778.jpg 2 867 449 93 107 819 827 107 138
positive\1619446791.2955272.jpg 3 918 553 98 128 937 158 95 156 778 694 85 120
positive\1619446792.4134586.jpg 2 908 473 97 119 485 381 90 118
positive\1619446793.476266.jpg 4 833 484 92 122 1041 447 90 135 1307 439 103 130 1323 312 109 135
positive\1619446793.731233.jpg 4 851 501 90 122 823 493 127 126 1235 465 78 136 1198 337 89 128
positive\1619446793.9809713.jpg 5 1007 468 76 121 1076 350 101 126 643 492 87 126 1025 471 68 119 1332 6 104 72
positive\1619446794.75412.jpg 3 950 406 98 118 772 407 84 132 341 525 86 122
positive\1619446794.9527793.jpg 3 926 405 99 113 741 490 89 127 220 621 114 125
positive\1619446796.9548256.jpg 3 985 456 100 121 1233 74 91 123 1449 78 76 157
positive\1619446797.8843079.jpg 2 915 420 92 115 1595 298 120 146
positive\1619446799.4680269.jpg 3 987 480 110 117 634 459 102 131 399 347 96 133
positive\1619446802.1346252.jpg 4 917 481 87 115 1507 488 85 140 1558 135 90 124 1539 6 88 66
positive\1619446802.893391.jpg 2 977 487 104 122 1369 749 100 141
positive\1619446805.7310326.jpg 2 892 477 96 126 1268 657 100 143
positive\1619446806.8073187.jpg 3 835 496 94 113 824 749 87 138 874 942 96 106
positive\1619446856.6455443.jpg 2 905 527 105 123 1073 975 100 73
positive\1619446859.5097404.jpg 2 905 538 98 139 528 489 107 137
positive\1619446860.093049.jpg 2 843 517 101 123 703 330 74 149
positive\1619446864.3929226.jpg 2 917 567 97 126 935 741 98 120
positive\1619446865.3580153.jpg 2 913 489 103 131 921 1 123 93
positive\1619446866.595395.jpg 2 947 515 106 124 746 549 106 171
positive\1619446868.6279995.jpg 2 907 554 108 132 937 330 101 163
positive\1619446869.5014372.jpg 2 965 523 102 135 1695 586 85 140
positive\1619446871.2062452.jpg 2 912 557 97 122 1031 325 90 138
positive\1619446884.8843215.jpg 2 960 411 100 131 1539 264 97 141
positive\1619446888.3576343.jpg 3 980 505 96 126 176 563 78 126 1286 653 79 127
positive\1619446889.115424.jpg 3 988 469 108 122 1446 772 103 137 1549 906 81 113
positive\1619446890.327424.jpg 2 987 455 103 137 1827 307 84 125
positive\1619446890.4069238.jpg 3 956 535 101 126 509 440 90 120 941 133 100 154
positive\1619446891.414627.jpg 3 919 562 96 132 396 678 104 125 1407 799 103 153
positive\1619446892.0505774.jpg 2 979 482 108 141 1098 234 92 130
positive\1619446892.9196362.jpg 2 960 537 108 123 1505 628 102 142
positive\1619446951.7384622.jpg 3 947 477 104 113 422 408 100 129 1301 651 98 138
positive\1619446952.5073822.jpg 2 808 389 95 129 807 393 102 135
positive\1619446957.6689289.jpg 3 855 411 103 131 1103 81 108 126 1073 613 93 102
positive\1619446965.6909516.jpg 4 1101 432 105 136 1107 432 97 132 1216 487 94 107 1223 430 82 85
positive\1619446968.055705.jpg 4 857 472 109 131 715 463 96 127 1034 629 111 140 1061 404 90 135
positive\1619446987.7406943.jpg 3 905 473 111 129 1317 307 102 139 1319 2 89 51
positive\1619446993.0351593.jpg 3 908 476 102 131 1277 400 95 131 1453 265 88 118
positive\1619446994.0805295.jpg 2 909 504 100 127 1167 438 91 103
positive\1619446996.7765598.jpg 2 920 381 96 131 1114 419 96 103
positive\1619446998.6913533.jpg 4 914 473 101 129 757 753 98 101 1374 632 115 167 1884 842 27 130
positive\1619446999.8256407.jpg 4 917 456 99 138 639 829 88 88 1242 587 101 154 1585 930 82 115
positive\1619447004.9731386.jpg 4 907 474 104 133 628 820 96 127 464 948 77 97 369 976 84 69
positive\1619447008.0335748.jpg 4 915 479 100 130 1190 319 82 82 1127 155 82 122 1194 20 94 113
positive\1619447009.0516567.jpg 5 922 594 99 121 920 587 102 139 1179 299 101 172 1087 569 75 94 1346 235 123 177
positive\1619447009.3383842.jpg 5 905 462 101 141 519 737 77 126 580 755 86 109 693 832 88 82 770 661 114 136
positive\1619447010.9317813.jpg 5 853 468 96 119 887 779 92 86 968 626 87 118 1027 616 81 122 1329 493 91 115
positive\1619447012.2691767.jpg 4 905 554 95 124 1152 385 85 71 1080 126 94 129 1357 196 76 112
positive\1619447013.7266302.jpg 3 898 464 99 130 1122 294 92 77 1273 1 90 31
positive\1619447015.066875.jpg 5 900 476 106 151 574 626 99 128 432 682 107 117 541 805 89 83 732 732 95 83
positive\1619447017.3086941.jpg 5 946 468 113 129 788 579 90 143 902 768 99 75 703 837 89 81 1266 497 108 144
positive\1619447018.8091056.jpg 5 890 471 102 131 401 680 107 141 554 898 91 81 761 836 92 65 1273 593 82 124
positive\1619447019.0187538.jpg 5 876 497 104 134 1444 311 79 111 1695 372 95 135 1236 642 88 62 1034 719 90 73
positive\1619447020.3426363.jpg 4 990 468 94 118 1085 610 90 75 864 687 97 66 958 385 72 106
positive\1619447020.550766.jpg 4 983 458 107 133 811 483 94 120 992 625 79 56 793 695 78 56
positive\1619447022.302214.jpg 4 919 460 106 130 1069 585 74 69 1262 509 97 67 1305 309 104 126
positive\1619447026.7732646.jpg 3 908 456 98 143 907 638 95 127 1097 573 110 123
positive\1619447027.4672709.jpg 3 903 455 112 140 709 363 99 130 733 542 65 84
positive\1619447028.8274012.jpg 5 915 462 104 140 464 744 73 97 434 724 68 96 485 875 87 87 677 806 98 87
positive\1619447029.9269176.jpg 4 894 540 106 141 1186 263 95 130 1532 84 76 125 1066 508 82 63
positive\1619447031.6975224.jpg 4 914 463 101 143 605 533 100 122 569 767 96 81 371 835 89 81
positive\1619447211.021433.jpg 8 983 449 105 142 804 447 88 128 468 560 77 146 658 584 77 114 829 240 87 135 1427 249 107 143 363 107 97 107 473 88 96 92
positive\1619447227.181069.jpg 2 903 477 105 130 174 579 82 135
positive\1619447229.0447206.jpg 2 943 479 101 134 813 333 90 111
positive\1619447317.5564969.jpg 5 897 423 97 113 975 587 101 154 1099 681 81 118 1110 814 97 109 992 916 90 132
positive\1619447319.1967359.jpg 2 871 431 121 143 786 97 98 153
positive\1619447320.2561016.jpg 2 898 479 118 142 679 426 113 152
positive\1619447322.848362.jpg 4 900 557 102 135 663 597 94 143 1054 287 89 159 1031 907 94 119
positive\1619447323.6329012.jpg 3 957 552 94 125 638 431 102 132 562 291 91 136
positive\1619447324.1011858.jpg 2 908 460 102 143 969 668 112 177
positive\1619447324.9993463.jpg 3 920 395 114 132 492 285 95 127 501 193 86 112
positive\1619447326.3960674.jpg 2 826 484 119 135 857 236 92 147
positive\1619447331.671389.jpg 4 908 384 99 137 1008 599 110 139 1230 582 88 124 1321 535 93 126
positive\1619447332.2918835.jpg 3 903 416 99 119 1166 817 89 121 1461 863 86 134
positive\1619447434.1854014.jpg 9 982 487 108 127 147 488 43 139 227 350 93 149 671 515 84 130 1190 571 121 150 673 683 96 138 563 840 101 127 394 868 101 149 225 841 101 126
positive\1619447434.6690695.jpg 9 902 466 111 139 1036 323 93 149 910 689 102 112 1039 836 85 100 1203 866 107 134 1379 818 95 125 1480 658 102 139 1480 491 91 115 1777 458 86 139
positive\1619447435.1457915.jpg 7 891 539 103 127 162 667 112 147 51 638 39 131 344 604 86 160 452 465 80 142 450 292 83 140 1295 372 110 127
positive\1619447440.063792.jpg 5 901 489 111 130 1162 508 95 151 1051 141 87 138 1094 71 97 145 1266 41 98 127
positive\1619447442.5290675.jpg 4 900 477 101 123 1250 492 97 153 1361 612 94 115 1522 123 105 138
positive\1619447446.7534049.jpg 4 982 497 96 130 635 385 90 141 636 531 81 118 1772 422 82 127
positive\1619447450.9579496.jpg 2 909 543 100 132 1182 875 98 136
positive\1619447497.9064922.jpg 5 966 474 92 130 212 547 78 132 133 701 57 129 1284 461 91 135 1428 340 110 137
positive\1619447499.8012767.jpg 3 912 449 100 133 919 89 93 148 74 521 61 154
positive\1619447500.454779.jpg 4 916 545 99 128 230 660 88 125 325 573 77 120 927 67 87 137
positive\1619447501.1306224.jpg 2 979 468 104 135 474 447 81 142
positive\1619447502.6632357.jpg 2 913 446 100 138 533 112 97 142
positive\1619447503.4630744.jpg 4 915 485 93 121 878 92 90 125 931 642 101 148 1120 896 79 147
positive\1619447503.7965693.jpg 4 923 491 86 115 1054 756 99 130 888 95 75 123 1027 978 93 70
positive\1619447505.931293.jpg 2 911 534 98 150 785 279 103 148
positive\1619447506.7643163.jpg 2 839 480 100 130 1229 165 95 142
positive\1619447509.0607553.jpg 2 916 531 115 142 1646 623 99 103
positive\1619447514.8915482.jpg 2 829 485 104 124 1026 466 92 128
positive\1619447521.1976447.jpg 3 891 401 106 139 883 713 85 64 546 558 94 122
positive\1619447523.3121567.jpg 2 930 499 104 133 880 856 93 146
positive\1619447524.808684.jpg 2 897 508 98 138 687 745 92 156
positive\1619447526.5925128.jpg 2 851 517 108 144 1111 263 99 146
positive\1619447527.1796775.jpg 2 976 466 104 137 1044 206 92 152
positive\1619447530.6171732.jpg 3 836 480 104 135 127 559 79 67 1348 545 89 131
positive\1619447531.273261.jpg 2 939 471 101 144 433 466 91 141
positive\1619447532.2973375.jpg 3 831 469 105 126 673 835 98 152 227 370 94 139
positive\1619447554.6714404.jpg 3 908 464 95 141 1301 468 80 127 1368 457 69 125
positive\1619447559.6918974.jpg 4 869 539 99 133 1130 273 90 131 1149 610 92 164 374 929 94 119
positive\1619447560.6882935.jpg 3 883 539 87 136 619 569 97 127 1288 273 84 134
positive\1619447563.7666228.jpg 2 837 467 104 141 211 600 109 78
positive\1619447564.331859.jpg 2 831 463 100 137 464 588 96 86
positive\1619447644.0640545.jpg 5 933 543 96 137 1038 152 91 149 1310 0 76 89 1382 19 96 109 750 5 89 16
positive\1619447653.7380307.jpg 3 955 504 105 146 969 813 94 132 1339 566 95 139
positive\1619447654.019688.jpg 3 911 468 97 140 835 101 84 118 1302 257 76 118
positive\1619447656.2990708.jpg 2 867 519 100 140 1140 411 97 129
positive\1619447656.8431177.jpg 2 925 446 78 132 871 425 82 163
positive\1619447657.533611.jpg 2 916 468 96 136 374 138 110 124
positive\1619447657.7579167.jpg 4 918 410 93 133 1045 86 104 146 1370 179 88 130 1467 175 91 126
positive\1619447659.1116695.jpg 4 924 387 88 142 1066 712 96 146 1169 719 68 122 1180 749 80 107
positive\1619447660.6992793.jpg 2 950 459 88 145 1023 40 99 165
positive\1619447661.7445734.jpg 2 962 394 96 138 602 666 105 160
positive\1619447663.132916.jpg 2 847 443 97 141 467 520 114 133
positive\1619447664.2650418.jpg 2 858 494 96 140 867 951 103 97
positive\1619447665.9162326.jpg 2 919 546 98 136 937 298 125 133
positive\1619447667.6116524.jpg 2 877 527 90 141 791 104 100 117
positive\1619447675.3572843.jpg 2 961 406 106 150 1189 182 92 128
positive\1619447678.114628.jpg 2 826 455 109 140 1164 403 82 126
positive\1619447680.6243196.jpg 2 913 477 99 134 1099 493 83 118
positive\1619447688.146612.jpg 2 907 474 106 132 1180 519 107 128
positive\1619447694.841589.jpg 3 920 461 99 145 851 238 75 120 888 210 68 124
positive\1619447695.9355829.jpg 3 867 505 106 142 1033 73 75 114 1063 27 81 128
positive\1619447698.9160514.jpg 2 909 458 99 142 1197 665 112 187
positive\1619447699.956675.jpg 3 983 462 100 129 909 922 105 125 1678 776 91 159
positive\1619447702.0982254.jpg 2 915 395 100 149 927 833 89 138
positive\1619447702.3537328.jpg 3 851 464 111 142 1038 196 59 112 1068 165 72 108
positive\1619447703.0583408.jpg 2 892 446 111 133 885 199 86 172
positive\1619447704.0286086.jpg 3 877 546 92 123 1136 252 93 186 1425 262 102 161
positive\1619447706.2029376.jpg 5 897 458 108 139 683 492 97 129 1047 460 66 121 1459 529 93 124 1731 496 94 132
positive\1619447706.9309802.jpg 5 995 446 95 146 1167 525 104 140 1781 335 100 175 812 151 101 182 732 678 119 157
positive\1619447706.9473822.jpg 4 911 443 102 143 880 792 78 104 883 886 94 120 1346 756 107 138
positive\1619447708.5964413.jpg 4 1007 453 81 140 1185 364 103 164 449 458 111 152 949 409 87 176
positive\1619447708.8123538.jpg 4 890 467 105 137 1396 250 78 119 1621 237 78 122 1709 213 85 117
positive\1619447709.6524842.jpg 3 908 533 95 132 869 161 96 129 839 0 80 79
positive\1619447722.2975373.jpg 2 979 462 95 134 729 517 76 112
positive\1619447728.6744666.jpg 2 931 468 94 140 747 516 100 83
positive\1619447728.8904073.jpg 2 912 471 99 137 743 517 98 82
positive\1619447730.3375442.jpg 2 905 371 106 157 985 838 79 67
positive\1619447730.6561992.jpg 2 904 372 103 148 1315 240 98 69
positive\1619447731.834206.jpg 3 918 369 109 155 977 594 82 133 1136 688 91 67
positive\1619447732.839137.jpg 3 967 478 108 140 907 916 90 79 1082 873 114 152
positive\1619447734.4887755.jpg 4 905 540 111 148 665 438 101 76 603 339 86 105 1135 347 108 126
positive\1619447736.510321.jpg 4 854 416 96 148 877 143 102 118 1265 206 94 84 1291 562 96 136
positive\1619447738.3988369.jpg 4 942 418 98 136 539 675 99 135 1059 672 86 75 1254 659 93 132
positive\1619447739.2173874.jpg 3 893 513 99 138 745 260 84 76 361 243 112 109
positive\1619447740.290254.jpg 4 945 515 99 131 721 575 90 87 1031 680 107 125 448 111 86 116
positive\1619447799.5905595.jpg 2 841 450 103 140 1094 218 92 139
positive\1619447799.890915.jpg 3 904 534 109 151 608 844 98 158 1284 1009 80 39
positive\1619447805.8222806.jpg 2 909 541 107 139 880 139 106 121
positive\1619447807.2460296.jpg 2 910 559 95 127 1048 867 108 120
positive\1619447808.1818743.jpg 2 912 538 103 131 395 892 111 114
positive\1619447809.252288.jpg 2 847 444 101 133 1044 430 89 115
positive\1619447868.4272196.jpg 2 926 435 108 126 926 446 103 125
positive\1619447871.3196695.jpg 2 910 378 101 140 942 932 115 116
positive\1619447875.4674792.jpg 3 975 503 98 139 569 398 108 114 1380 619 97 124
positive\1619447883.4498496.jpg 3 996 473 98 136 293 660 102 115 1296 63 85 130
positive\1619447891.1732526.jpg 2 901 547 113 142 981 15 98 110
positive\1619447895.4066296.jpg 2 835 480 88 130 1361 494 119 112
positive\1619447898.6937296.jpg 4 909 464 102 137 1070 363 92 113 905 95 104 116 397 314 91 103
positive\1619447909.5012171.jpg 3 892 464 111 144 1153 372 66 117 1123 555 66 105
positive\1619447910.0660646.jpg 3 903 545 107 144 1027 319 87 106 907 196 83 115
positive\1619447920.0562763.jpg 3 991 471 103 139 695 383 80 123 1506 315 87 119
positive\1619447920.9357646.jpg 2 1036 519 91 120 1038 537 80 104
positive\1619447923.3146105.jpg 5 956 398 106 137 1151 321 101 121 1593 509 92 125 1452 2 79 44 1524 2 52 48
positive\1619447925.2796447.jpg 5 931 391 92 138 1064 394 78 119 886 580 85 135 1209 333 105 126 734 745 84 124
positive\1619447932.6237059.jpg 5 902 461 108 141 1046 254 85 112 1062 174 63 112 993 162 62 113 911 7 79 109
positive\1619447937.6797655.jpg 3 911 396 79 146 995 170 101 124 1464 811 100 116
positive\1619447947.9406304.jpg 3 979 473 103 136 366 144 94 127 680 417 101 136
positive\1619447984.2455606.jpg 4 909 465 106 141 941 688 109 107 1568 570 97 107 260 738 81 105
positive\1619447992.4747927.jpg 3 897 460 124 146 1457 469 81 120 1687 432 106 127
positive\1619447995.1337895.jpg 2 915 463 93 138 437 192 92 120
positive\1619447997.6566782.jpg 2 914 470 101 135 750 340 105 117
positive\1619448003.383455.jpg 4 917 469 94 132 565 240 101 116 584 121 101 112 285 247 93 110
positive\1619448011.2004614.jpg 3 911 474 103 146 1220 759 81 123 1634 987 94 60
positive\1619448012.7000155.jpg 3 914 464 94 140 1072 727 87 114 1440 738 94 112
positive\1619448014.6066117.jpg 3 913 466 97 134 779 164 103 114 783 87 86 84
positive\1619448027.8592832.jpg 2 910 370 105 147 983 760 91 120
positive\1619448048.3713088.jpg 3 827 454 109 152 1269 416 112 122 1031 228 109 116
positive\1619448049.5751402.jpg 3 835 443 104 152 915 463 79 106 1157 486 94 119
positive\1619448050.0813332.jpg 3 837 455 88 145 907 482 78 128 1171 436 82 123
positive\1619448050.6405458.jpg 3 832 458 99 158 994 537 86 124 1171 453 85 131
positive\1619448050.8916197.jpg 3 881 506 105 153 1126 374 103 120 1010 553 89 133
positive\1619448053.281542.jpg 3 883 442 114 164 1098 226 90 92 1197 149 97 129
positive\1619448053.7255397.jpg 4 891 433 100 142 819 332 92 121 804 644 101 70 612 873 99 125
positive\1619448055.2161574.jpg 4 922 399 92 141 767 585 87 120 965 764 89 71 1028 851 101 112
positive\1619448056.6187034.jpg 4 818 457 127 154 1039 2 84 97 873 0 101 74 978 243 81 82
positive\1619448057.229534.jpg 3 933 512 110 155 780 328 95 84 440 531 121 133
positive\1619448058.91182.jpg 3 913 369 104 164 926 262 90 112 1051 675 75 80
positive\1619448059.083365.jpg 2 893 400 124 178 1030 158 100 83
positive\1619448061.1883454.jpg 3 921 369 100 160 987 785 76 119 1055 824 69 82
