positive\1619442912.302229.jpg 1 981 527 91 128
positive\1619442915.5818064.jpg 1 904 502 93 118
positive\1619442995.997513.jpg 1 834 466 103 118
positive\1619442997.4613037.jpg 1 878 559 94 116
positive\1619443130.9838126.jpg 1 845 510 95 117
positive\1619443133.5583792.jpg 1 967 552 90 119
positive\1619443202.6624246.jpg 1 959 542 105 121
positive\1619443353.4616215.jpg 1 869 479 96 123
positive\1619443354.0937107.jpg 1 850 506 97 120
positive\1619443354.7594473.jpg 1 854 429 99 124
positive\1619443355.790958.jpg 1 817 466 116 130
positive\1619443356.5822837.jpg 1 948 416 94 128
positive\1619443359.338363.jpg 1 846 417 114 126
positive\1619443421.9194684.jpg 1 908 541 107 128
positive\1619443433.0855272.jpg 1 989 474 99 118
positive\1619443433.9819052.jpg 1 948 434 96 117
positive\1619443435.438201.jpg 1 963 473 103 117
positive\1619443436.3815103.jpg 1 876 447 97 111
positive\1619443437.5179474.jpg 1 868 494 97 115
positive\1619443438.9575458.jpg 1 907 472 98 112
positive\1619443454.2943993.jpg 1 827 480 102 132
positive\1619443455.2952425.jpg 1 826 481 104 132
positive\1619443462.5746188.jpg 1 827 478 105 122
positive\1619443463.2856607.jpg 1 961 515 98 127
positive\1619443464.2383385.jpg 1 994 473 92 124
positive\1619443466.7502894.jpg 1 919 484 92 119
positive\1619443659.4691918.jpg 1 955 523 106 126
positive\1619443663.8871746.jpg 1 971 445 92 118
positive\1619443664.5576043.jpg 1 968 423 81 106
positive\1619443736.373396.jpg 1 911 480 97 118
positive\1619443739.781732.jpg 1 905 555 108 125
positive\1619443740.6200943.jpg 1 978 485 99 119
positive\1619443753.5570958.jpg 1 888 483 110 120
positive\1619443758.1815896.jpg 1 827 470 102 119
positive\1619443761.5019276.jpg 1 854 531 109 117
positive\1619443762.2532809.jpg 1 907 555 102 120
positive\1619443764.9343576.jpg 1 965 460 103 119
positive\1619443766.0953097.jpg 1 937 488 102 123
positive\1619443799.0879548.jpg 1 905 549 103 113
positive\1619443800.1524138.jpg 1 873 504 97 121
positive\1619443802.141658.jpg 1 917 458 86 113
positive\1619443804.6456664.jpg 1 914 563 102 113
positive\1619443805.7256725.jpg 1 983 479 114 122
positive\1619443811.0053034.jpg 1 896 560 98 121
positive\1619443814.492954.jpg 1 901 460 95 120
positive\1619443815.7570548.jpg 1 919 477 93 123
positive\1619443826.5986807.jpg 1 926 548 100 117
positive\1619443827.630134.jpg 1 909 500 96 121
positive\1619443829.2616243.jpg 1 962 486 94 117
positive\1619443832.68553.jpg 1 977 498 105 119
positive\1619443833.8448186.jpg 1 913 396 89 131
positive\1619443835.5020943.jpg 1 916 431 95 114
positive\1619443836.4061742.jpg 1 911 554 105 114
positive\1619444035.1109312.jpg 1 913 484 93 115
positive\1619444036.1089.jpg 1 902 521 93 84
positive\1619444038.0779388.jpg 1 907 499 98 110
positive\1619445625.0946457.jpg 1 916 481 91 120
positive\1619445744.3581004.jpg 1 915 482 99 124
positive\1619445755.391238.jpg 1 915 475 88 114
positive\1619445816.9419541.jpg 1 912 478 93 114
positive\1619445820.2702312.jpg 1 916 474 92 120
positive\1619445820.6754353.jpg 1 913 482 92 113
positive\1619445823.954534.jpg 1 880 480 100 117
positive\1619445826.5976546.jpg 1 904 476 90 127
positive\1619445826.8041432.jpg 1 830 471 93 120
positive\1619445828.300039.jpg 1 831 476 95 119
positive\1619445828.54064.jpg 1 910 544 103 114
positive\1619445837.2385628.jpg 1 914 473 92 119
positive\1619445848.6034486.jpg 1 915 485 87 114
positive\1619445852.3074715.jpg 1 848 463 99 111
positive\1619445854.7068765.jpg 1 971 416 103 115
positive\1619445857.23322.jpg 1 863 549 115 111
positive\1619445859.6031277.jpg 1 849 434 93 136
positive\1619445859.6320512.jpg 1 883 404 103 112
positive\1619445861.0201619.jpg 1 976 443 81 115
positive\1619445861.7873805.jpg 1 939 419 92 118
positive\1619445864.7656546.jpg 1 918 479 90 116
positive\1619445870.1428936.jpg 1 916 484 98 123
positive\1619445871.9571455.jpg 1 914 490 91 113
positive\1619445879.6524317.jpg 1 916 402 97 123
positive\1619445880.4198759.jpg 1 970 450 83 110
positive\1619445882.3884459.jpg 1 957 525 98 113
positive\1619445883.1643648.jpg 1 835 473 103 120
positive\1619445884.5408266.jpg 1 990 471 101 117
positive\1619445886.3656003.jpg 1 920 407 93 121
positive\1619445936.5802634.jpg 1 922 464 100 115
positive\1619445937.780819.jpg 1 912 486 94 113
positive\1619445940.2459195.jpg 1 907 533 108 119
positive\1619445942.5449698.jpg 1 911 546 101 126
positive\1619445943.210306.jpg 1 921 482 90 117
positive\1619445946.6689746.jpg 1 916 487 86 115
positive\1619445947.3523166.jpg 1 927 480 74 115
positive\1619445953.9906454.jpg 1 883 476 90 123
positive\1619445958.9665742.jpg 1 915 560 85 117
positive\1619445959.4368732.jpg 1 860 532 92 122
positive\1619445960.420888.jpg 1 870 536 104 130
positive\1619445964.3201897.jpg 1 829 470 100 113
positive\1619445964.4767103.jpg 1 831 497 95 115
positive\1619445964.6403794.jpg 1 833 480 97 113
positive\1619445967.437334.jpg 1 915 419 89 111
positive\1619445968.4703386.jpg 1 980 490 96 120
positive\1619445969.4062185.jpg 1 922 467 97 110
positive\1619445970.820628.jpg 1 900 524 100 122
positive\1619445972.3176825.jpg 1 900 430 91 112
positive\1619446076.2513542.jpg 1 907 483 94 113
positive\1619446084.179324.jpg 1 913 576 94 114
positive\1619446085.6551278.jpg 1 913 424 98 114
positive\1619446090.234276.jpg 1 942 473 101 120
positive\1619446093.8036315.jpg 1 882 456 101 115
positive\1619446096.7000124.jpg 1 923 488 97 117
positive\1619446099.39071.jpg 1 928 490 81 104
positive\1619446170.2389228.jpg 1 918 486 88 115
positive\1619446173.2432144.jpg 1 918 576 77 107
positive\1619446176.6975455.jpg 1 912 486 88 113
positive\1619446178.141202.jpg 1 917 479 91 122
positive\1619446178.9567149.jpg 1 902 486 90 106
positive\1619446179.2410994.jpg 1 947 511 91 123
positive\1619446191.090958.jpg 1 863 512 97 107
positive\1619446191.2606564.jpg 1 852 517 82 105
positive\1619446191.8665054.jpg 1 914 478 102 121
positive\1619446194.6113682.jpg 1 874 546 95 115
positive\1619446195.2279367.jpg 1 880 552 91 108
positive\1619446196.1291428.jpg 1 953 476 93 107
positive\1619446287.5512354.jpg 1 876 526 101 111
positive\1619446288.7696514.jpg 1 948 529 105 116
positive\1619446290.1273258.jpg 1 911 583 100 103
positive\1619446291.4502242.jpg 1 902 556 97 110
positive\1619446292.8184483.jpg 1 918 559 103 120
positive\1619446294.39817.jpg 1 843 497 101 104
positive\1619446295.8828998.jpg 1 921 440 99 111
positive\1619446296.986955.jpg 1 846 452 94 123
positive\1619446302.6136131.jpg 1 905 460 103 121
positive\1619446309.55537.jpg 1 916 472 91 122
positive\1619446311.4192827.jpg 1 911 492 96 119
positive\1619446312.1017065.jpg 1 849 493 98 113
positive\1619446313.212717.jpg 1 903 486 91 121
positive\1619446313.217433.jpg 1 916 401 92 115
positive\1619446318.4679103.jpg 1 843 432 107 120
positive\1619446324.4512472.jpg 1 914 483 87 116
positive\1619446326.2996724.jpg 1 979 483 97 118
positive\1619446327.2636251.jpg 1 928 487 88 112
positive\1619446328.2779124.jpg 1 903 492 89 125
positive\1619446411.0644612.jpg 1 857 538 95 100
positive\1619446413.4752405.jpg 1 835 482 96 121
positive\1619446413.8796291.jpg 1 829 473 101 113
positive\1619446414.908415.jpg 1 987 467 98 125
positive\1619446415.0972767.jpg 1 917 463 96 116
positive\1619446417.3807826.jpg 1 937 560 96 116
positive\1619446421.324293.jpg 1 919 479 87 115
positive\1619446423.5083525.jpg 1 982 467 108 134
positive\1619446424.0670633.jpg 1 880 400 106 119
positive\1619446425.2430854.jpg 1 923 474 86 109
positive\1619446426.3630793.jpg 1 837 490 90 115
positive\1619446426.6929712.jpg 1 898 486 95 104
positive\1619446430.9210887.jpg 1 955 477 86 119
positive\1619446431.155263.jpg 1 837 493 98 100
positive\1619446439.2631392.jpg 1 924 434 96 123
positive\1619446443.021738.jpg 1 935 471 85 111
positive\1619446444.4156265.jpg 1 928 454 105 124
positive\1619446445.3015413.jpg 1 989 502 90 112
positive\1619446447.4350126.jpg 1 995 477 101 112
positive\1619446448.9042943.jpg 1 912 397 95 109
positive\1619446520.955806.jpg 1 873 439 108 113
positive\1619446523.8790424.jpg 1 936 492 90 98
positive\1619446527.5082948.jpg 1 927 486 92 107
positive\1619446528.841055.jpg 1 832 500 98 115
positive\1619446529.923821.jpg 1 991 478 92 122
positive\1619446533.0133426.jpg 1 995 496 84 107
positive\1619446541.2784472.jpg 1 992 472 96 125
positive\1619446548.4249973.jpg 1 838 500 80 99
positive\1619446549.6762722.jpg 1 912 486 93 112
positive\1619446549.6937852.jpg 1 834 489 95 104
positive\1619446551.0725648.jpg 1 918 575 66 101
positive\1619446552.112399.jpg 1 883 503 97 113
positive\1619446552.3631127.jpg 1 989 464 90 113
positive\1619446554.2456827.jpg 1 958 411 88 111
positive\1619446566.6498616.jpg 1 923 485 74 103
positive\1619446566.8580887.jpg 1 916 482 79 115
positive\1619446578.7377648.jpg 1 915 486 87 108
positive\1619446595.3732429.jpg 1 911 477 91 116
positive\1619446595.5497162.jpg 1 876 485 88 114
positive\1619446630.0220165.jpg 1 917 482 80 116
positive\1619446761.8547962.jpg 1 917 479 88 122
positive\1619446765.19819.jpg 1 910 520 90 126
positive\1619446765.2417116.jpg 1 919 483 87 113
positive\1619446768.1758468.jpg 1 943 503 76 119
positive\1619446773.6664653.jpg 1 917 481 90 120
positive\1619446773.895323.jpg 1 927 479 79 110
positive\1619446774.8317363.jpg 1 893 495 85 108
positive\1619446774.891538.jpg 1 922 479 80 113
positive\1619446775.662074.jpg 1 846 503 86 97
positive\1619446775.7825665.jpg 1 0 0 0 0
positive\1619446775.8912256.jpg 1 846 465 91 118
positive\1619446776.6050835.jpg 1 861 503 91 108
positive\1619446785.6946168.jpg 1 911 467 91 124
positive\1619446787.7744381.jpg 1 919 475 91 123
positive\1619446788.607924.jpg 1 914 485 101 117
positive\1619446789.5334203.jpg 1 948 408 92 128
positive\1619446789.5728192.jpg 1 919 474 90 108
positive\1619446790.4885778.jpg 1 867 449 93 107
positive\1619446791.2955272.jpg 1 918 553 98 128
positive\1619446792.4134586.jpg 1 908 473 97 119
positive\1619446793.476266.jpg 1 833 484 92 122
positive\1619446793.731233.jpg 1 851 501 90 122
positive\1619446793.9809713.jpg 1 1007 468 76 121
positive\1619446794.75412.jpg 1 950 406 98 118
positive\1619446794.9527793.jpg 1 926 405 99 113
positive\1619446796.9548256.jpg 1 985 456 100 121
positive\1619446797.8843079.jpg 1 915 420 92 115
positive\1619446799.4680269.jpg 1 987 480 110 117
positive\1619446802.1346252.jpg 1 917 481 87 115
positive\1619446802.893391.jpg 1 977 487 104 122
positive\1619446805.7310326.jpg 1 892 477 96 126
positive\1619446806.8073187.jpg 1 835 496 94 113
positive\1619446856.6455443.jpg 1 905 527 105 123
positive\1619446859.5097404.jpg 1 905 538 98 139
positive\1619446860.093049.jpg 1 843 517 101 123
positive\1619446864.3929226.jpg 1 917 567 97 126
positive\1619446865.3580153.jpg 1 913 489 103 131
positive\1619446866.595395.jpg 1 947 515 106 124
positive\1619446868.6279995.jpg 1 907 554 108 132
positive\1619446869.5014372.jpg 1 965 523 102 135
positive\1619446871.2062452.jpg 1 912 557 97 122
positive\1619446884.8843215.jpg 1 960 411 100 131
positive\1619446888.3576343.jpg 1 980 505 96 126
positive\1619446889.115424.jpg 1 988 469 108 122
positive\1619446890.327424.jpg 1 987 455 103 137
positive\1619446890.4069238.jpg 1 956 535 101 126
positive\1619446891.414627.jpg 1 919 562 96 132
positive\1619446892.0505774.jpg 1 979 482 108 141
positive\1619446892.9196362.jpg 1 960 537 108 123
positive\1619446951.7384622.jpg 1 947 477 104 113
positive\1619446952.5073822.jpg 1 808 389 95 129
positive\1619446957.6689289.jpg 1 855 411 103 131
positive\1619446965.6909516.jpg 1 1101 432 105 136
positive\1619446968.055705.jpg 1 857 472 109 131
positive\1619446987.7406943.jpg 1 905 473 111 129
positive\1619446993.0351593.jpg 1 908 476 102 131
positive\1619446994.0805295.jpg 1 909 504 100 127
positive\1619446996.7765598.jpg 1 920 381 96 131
positive\1619446998.6913533.jpg 1 914 473 101 129
positive\1619446999.8256407.jpg 1 917 456 99 138
positive\1619447004.9731386.jpg 1 907 474 104 133
positive\1619447008.0335748.jpg 1 915 479 100 130
positive\1619447009.0516567.jpg 1 922 594 99 121
positive\1619447009.3383842.jpg 1 905 462 101 141
positive\1619447010.9317813.jpg 1 853 468 96 119
positive\1619447012.2691767.jpg 1 905 554 95 124
positive\1619447013.7266302.jpg 1 898 464 99 130
positive\1619447015.066875.jpg 1 900 476 106 151
positive\1619447017.3086941.jpg 1 946 468 113 129
positive\1619447018.8091056.jpg 1 890 471 102 131
positive\1619447019.0187538.jpg 1 876 497 104 134
positive\1619447020.3426363.jpg 1 990 468 94 118
positive\1619447020.550766.jpg 1 983 458 107 133
positive\1619447022.302214.jpg 1 919 460 106 130
positive\1619447026.7732646.jpg 1 908 456 98 143
positive\1619447027.4672709.jpg 1 903 455 112 140
positive\1619447028.8274012.jpg 1 915 462 104 140
positive\1619447029.9269176.jpg 1 894 540 106 141
positive\1619447031.6975224.jpg 1 914 463 101 143
positive\1619447211.021433.jpg 1 983 449 105 142
positive\1619447227.181069.jpg 1 903 477 105 130
positive\1619447229.0447206.jpg 1 943 479 101 134
positive\1619447317.5564969.jpg 1 897 423 97 113
positive\1619447319.1967359.jpg 1 871 431 121 143
positive\1619447320.2561016.jpg 1 898 479 118 142
positive\1619447322.848362.jpg 1 900 557 102 135
positive\1619447323.6329012.jpg 1 957 552 94 125
positive\1619447324.1011858.jpg 1 908 460 102 143
positive\1619447324.9993463.jpg 1 920 395 114 132
positive\1619447326.3960674.jpg 1 826 484 119 135
positive\1619447331.671389.jpg 1 908 384 99 137
positive\1619447332.2918835.jpg 1 903 416 99 119
positive\1619447434.1854014.jpg 1 982 487 108 127
positive\1619447434.6690695.jpg 1 902 466 111 139
positive\1619447435.1457915.jpg 1 891 539 103 127
positive\1619447440.063792.jpg 1 901 489 111 130
positive\1619447442.5290675.jpg 1 900 477 101 123
positive\1619447446.7534049.jpg 1 982 497 96 130
positive\1619447450.9579496.jpg 1 909 543 100 132
positive\1619447497.9064922.jpg 1 966 474 92 130
positive\1619447499.8012767.jpg 1 912 449 100 133
positive\1619447500.454779.jpg 1 916 545 99 128
positive\1619447501.1306224.jpg 1 979 468 104 135
positive\1619447502.6632357.jpg 1 913 446 100 138
positive\1619447503.4630744.jpg 1 915 485 93 121
positive\1619447503.7965693.jpg 1 923 491 86 115
positive\1619447505.931293.jpg 1 911 534 98 150
positive\1619447506.7643163.jpg 1 839 480 100 130
positive\1619447509.0607553.jpg 1 916 531 115 142
positive\1619447514.8915482.jpg 1 829 485 104 124
positive\1619447521.1976447.jpg 1 891 401 106 139
positive\1619447523.3121567.jpg 1 930 499 104 133
positive\1619447524.808684.jpg 1 897 508 98 138
positive\1619447526.5925128.jpg 1 851 517 108 144
positive\1619447527.1796775.jpg 1 976 466 104 137
positive\1619447530.6171732.jpg 1 836 480 104 135
positive\1619447531.273261.jpg 1 939 471 101 144
positive\1619447532.2973375.jpg 1 831 469 105 126
positive\1619447554.6714404.jpg 1 908 464 95 141
positive\1619447559.6918974.jpg 1 869 539 99 133
positive\1619447560.6882935.jpg 1 883 539 87 136
positive\1619447563.7666228.jpg 1 837 467 104 141
positive\1619447564.331859.jpg 1 831 463 100 137
positive\1619447644.0640545.jpg 1 933 543 96 137
positive\1619447653.7380307.jpg 1 955 504 105 146
positive\1619447654.019688.jpg 1 911 468 97 140
positive\1619447656.2990708.jpg 1 867 519 100 140
positive\1619447656.8431177.jpg 1 925 446 78 132
positive\1619447657.533611.jpg 1 916 468 96 136
positive\1619447657.7579167.jpg 1 918 410 93 133
positive\1619447659.1116695.jpg 1 924 387 88 142
positive\1619447660.6992793.jpg 1 950 459 88 145
positive\1619447661.7445734.jpg 1 962 394 96 138
positive\1619447663.132916.jpg 1 847 443 97 141
positive\1619447664.2650418.jpg 1 858 494 96 140
positive\1619447665.9162326.jpg 1 919 546 98 136
positive\1619447667.6116524.jpg 1 877 527 90 141
positive\1619447675.3572843.jpg 1 961 406 106 150
positive\1619447678.114628.jpg 1 826 455 109 140
positive\1619447680.6243196.jpg 1 913 477 99 134
positive\1619447688.146612.jpg 1 907 474 106 132
positive\1619447694.841589.jpg 1 920 461 99 145
positive\1619447695.9355829.jpg 1 867 505 106 142
positive\1619447698.9160514.jpg 1 909 458 99 142
positive\1619447699.956675.jpg 1 983 462 100 129
positive\1619447702.0982254.jpg 1 915 395 100 149
positive\1619447702.3537328.jpg 1 851 464 111 142
positive\1619447703.0583408.jpg 1 892 446 111 133
positive\1619447704.0286086.jpg 1 877 546 92 123
positive\1619447706.2029376.jpg 1 897 458 108 139
positive\1619447706.9309802.jpg 1 995 446 95 146
positive\1619447706.9473822.jpg 1 911 443 102 143
positive\1619447708.5964413.jpg 1 1007 453 81 140
positive\1619447708.8123538.jpg 1 890 467 105 137
positive\1619447709.6524842.jpg 1 908 533 95 132
positive\1619447722.2975373.jpg 1 979 462 95 134
positive\1619447728.6744666.jpg 1 931 468 94 140
positive\1619447728.8904073.jpg 1 912 471 99 137
positive\1619447730.3375442.jpg 1 905 371 106 157
positive\1619447730.6561992.jpg 1 904 372 103 148
positive\1619447731.834206.jpg 1 918 369 109 155
positive\1619447732.839137.jpg 1 967 478 108 140
positive\1619447734.4887755.jpg 1 905 540 111 148
positive\1619447736.510321.jpg 1 854 416 96 148
positive\1619447738.3988369.jpg 1 942 418 98 136
positive\1619447739.2173874.jpg 1 893 513 99 138
positive\1619447740.290254.jpg 1 945 515 99 131
positive\1619447799.5905595.jpg 1 841 450 103 140
positive\1619447799.890915.jpg 1 904 534 109 151
positive\1619447805.8222806.jpg 1 909 541 107 139
positive\1619447807.2460296.jpg 1 910 559 95 127
positive\1619447808.1818743.jpg 1 912 538 103 131
positive\1619447809.252288.jpg 1 847 444 101 133
positive\1619447868.4272196.jpg 1 926 435 108 126
positive\1619447871.3196695.jpg 1 910 378 101 140
positive\1619447875.4674792.jpg 1 975 503 98 139
positive\1619447883.4498496.jpg 1 996 473 98 136
positive\1619447891.1732526.jpg 1 901 547 113 142
positive\1619447895.4066296.jpg 1 835 480 88 130
positive\1619447898.6937296.jpg 1 909 464 102 137
positive\1619447909.5012171.jpg 1 892 464 111 144
positive\1619447910.0660646.jpg 1 903 545 107 144
positive\1619447920.0562763.jpg 1 991 471 103 139
positive\1619447920.9357646.jpg 1 1036 519 91 120
positive\1619447923.3146105.jpg 1 956 398 106 137
positive\1619447925.2796447.jpg 1 931 391 92 138
positive\1619447932.6237059.jpg 1 902 461 108 141
positive\1619447937.6797655.jpg 1 911 396 79 146
positive\1619447947.9406304.jpg 1 979 473 103 136
positive\1619447984.2455606.jpg 1 909 465 106 141
positive\1619447992.4747927.jpg 1 897 460 124 146
positive\1619447995.1337895.jpg 1 915 463 93 138
positive\1619447997.6566782.jpg 1 914 470 101 135
positive\1619448003.383455.jpg 1 917 469 94 132
positive\1619448011.2004614.jpg 1 911 474 103 146
positive\1619448012.7000155.jpg 1 914 464 94 140
positive\1619448014.6066117.jpg 1 913 466 97 134
positive\1619448027.8592832.jpg 1 910 370 105 147
positive\1619448048.3713088.jpg 1 827 454 109 152
positive\1619448049.5751402.jpg 1 835 443 104 152
positive\1619448050.0813332.jpg 1 837 455 88 145
positive\1619448050.6405458.jpg 1 832 458 99 158
positive\1619448050.8916197.jpg 1 881 506 105 153
positive\1619448053.281542.jpg 1 883 442 114 164
positive\1619448053.7255397.jpg 1 891 433 100 142
positive\1619448055.2161574.jpg 1 922 399 92 141
positive\1619448056.6187034.jpg 1 818 457 127 154
positive\1619448057.229534.jpg 1 933 512 110 155
positive\1619448058.91182.jpg 1 913 369 104 164
positive\1619448059.083365.jpg 1 893 400 124 178
positive\1619448061.1883454.jpg 1 921 369 100 160
