positive\1619445625.0946457.jpg 1 913 376 91 131
positive\1619445744.3581004.jpg 3 761 434 93 123 845 300 88 121 1274 253 97 115
positive\1619445755.391238.jpg 3 1098 476 94 125 1189 337 90 128 1648 530 97 127
positive\1619445816.9419541.jpg 8 1514 171 101 131 740 419 104 119 1011 623 108 126 564 475 106 124 442 594 97 125 572 943 90 103 737 993 97 51 915 944 86 101
positive\1619445820.2702312.jpg 4 964 251 94 130 399 732 98 129 221 589 77 115 131 535 88 120
positive\1619445854.7068765.jpg 1 1407 70 91 118
positive\1619445857.23322.jpg 1 1342 649 106 131
positive\1619445859.6320512.jpg 2 543 499 98 116 1387 640 112 127
positive\1619445861.0201619.jpg 2 1106 204 104 131 622 909 94 122
positive\1619445861.7873805.jpg 2 819 727 102 124 459 832 108 132
positive\1619446076.2513542.jpg 8 293 652 95 122 801 488 99 133 982 436 97 132 1246 630 104 128 1260 821 92 125 1150 960 98 84 812 964 96 81 984 992 82 54
positive\1619446170.2389228.jpg 6 916 308 109 126 1314 284 107 136 1442 580 103 131 1260 677 105 128 825 632 92 133 509 959 102 87
positive\1619446173.2432144.jpg 1 1391 809 99 140
positive\1619446176.6975455.jpg 1 1416 551 110 144
positive\1619446178.9567149.jpg 1 1289 430 100 132
positive\1619446191.8665054.jpg 2 1083 210 93 123 506 879 105 129
positive\1619446411.0644612.jpg 9 946 458 94 115 1032 363 88 125 1202 300 93 133 1465 503 109 125 1471 674 108 141 1358 818 102 138 1197 878 95 131 1031 821 95 132 916 697 95 131
positive\1619446413.8796291.jpg 1 1303 402 102 136
positive\1619446430.9210887.jpg 1 1014 516 85 111
positive\1619446443.021738.jpg 1 1165 122 94 121
positive\1619446445.3015413.jpg 1 1295 522 100 132
positive\1619446447.4350126.jpg 1 951 387 89 119
positive\1619446448.9042943.jpg 1 942 345 89 110
positive\1619446527.5082948.jpg 2 662 483 100 120 1368 560 101 125
positive\1619446528.841055.jpg 2 671 415 97 122 675 352 94 62
positive\1619446549.6762722.jpg 1 992 948 82 95
positive\1619446551.0725648.jpg 3 947 591 82 118 1189 824 101 121 134 745 94 122
positive\1619446552.112399.jpg 3 514 319 109 133 1618 247 99 134 1055 2 63 30
positive\1619446554.2456827.jpg 1 1189 152 98 123
positive\1619446761.8547962.jpg 8 817 361 106 124 711 340 101 114 574 474 97 124 440 598 103 122 453 816 99 125 573 942 101 103 925 936 85 106 1022 792 94 131
positive\1619446765.19819.jpg 6 1062 638 103 136 1171 324 106 125 1575 279 108 126 1617 449 111 133 1624 622 97 138 1523 766 97 130
positive\1619446768.1758468.jpg 5 855 428 97 134 1117 298 84 131 1216 3 94 106 566 164 100 129 664 173 87 131
positive\1619446785.6946168.jpg 1 916 710 97 137
positive\1619446787.7744381.jpg 3 876 645 102 125 1164 310 105 122 1544 2 103 87
positive\1619446789.5334203.jpg 3 460 655 93 113 527 626 91 116 1142 236 103 131
positive\1619446790.4885778.jpg 1 819 827 107 138
positive\1619446792.4134586.jpg 1 485 381 90 118
positive\1619446802.893391.jpg 1 1369 749 100 141
positive\1619446805.7310326.jpg 1 1268 657 100 143
positive\1619446864.3929226.jpg 1 935 741 98 120
positive\1619446865.3580153.jpg 1 921 1 123 93
positive\1619446890.327424.jpg 1 1827 307 84 125
positive\1619446892.0505774.jpg 1 1098 234 92 130
positive\1619446957.6689289.jpg 2 1103 81 108 126 1073 613 93 102
positive\1619446968.055705.jpg 3 715 463 96 127 1034 629 111 140 1061 404 90 135
positive\1619446994.0805295.jpg 1 1167 438 91 103
positive\1619446996.7765598.jpg 1 1114 419 96 103
positive\1619446998.6913533.jpg 3 757 753 98 101 1374 632 115 167 1884 842 27 130
positive\1619446999.8256407.jpg 3 639 829 88 88 1242 587 101 154 1585 930 82 115
positive\1619447004.9731386.jpg 3 628 820 96 127 464 948 77 97 369 976 84 69
positive\1619447009.3383842.jpg 4 519 737 77 126 580 755 86 109 693 832 88 82 770 661 114 136
positive\1619447015.066875.jpg 4 574 626 99 128 432 682 107 117 541 805 89 83 732 732 95 83
positive\1619447026.7732646.jpg 2 907 638 95 127 1097 573 110 123
positive\1619447028.8274012.jpg 4 464 744 73 97 434 724 68 96 485 875 87 87 677 806 98 87
positive\1619447031.6975224.jpg 3 605 533 100 122 569 767 96 81 371 835 89 81
positive\1619447805.8222806.jpg 1 880 139 106 121
positive\1619447868.4272196.jpg 1 926 446 103 125
positive\1619447875.4674792.jpg 2 569 398 108 114 1380 619 97 124
positive\1619447910.0660646.jpg 2 1027 319 87 106 907 196 83 115
positive\1619447920.9357646.jpg 1 1038 537 80 104
positive\1619447923.3146105.jpg 4 1151 321 101 121 1593 509 92 125 1452 2 79 44 1524 2 52 48
positive\1619447937.6797655.jpg 2 995 170 101 124 1464 811 100 116
positive\1619447947.9406304.jpg 2 366 144 94 127 680 417 101 136
positive\1619447995.1337895.jpg 1 437 192 92 120
positive\1619447997.6566782.jpg 1 750 340 105 117
positive\1619448003.383455.jpg 3 565 240 101 116 584 121 101 112 285 247 93 110
positive\1619448011.2004614.jpg 2 1220 759 81 123 1634 987 94 60
positive\1619448012.7000155.jpg 2 1072 727 87 114 1440 738 94 112
positive\1619448014.6066117.jpg 2 779 164 103 114 783 87 86 84
positive\1619448027.8592832.jpg 1 983 760 91 120
